GaussKronrod15

0.991455733776092529296875000000000	0.022935276851058006286621093750000
0.949108362197875976562500000000000	0.063092090189456939697265625000000
0.864864826202392578125000000000000	0.104790106415748596191406250000000
0.741531610488891601562500000000000	0.140653684735298156738281250000000
0.586087644100189208984375000000000	0.169004783034324645996093750000000
0.405845284461975097656250000000000	0.190350964665412902832031250000000
0.207784950733184814453125000000000	0.204433023929595947265625000000000
0.000000178813934326171875000000000	0.209482327103614807128906250000000

0.129484981298446655273437500000000
0.279705733060836791992187500000000
0.381829917430877685546875000000000
0.417959183454513549804687500000000

GaussKronrod21

0.995656847953796386718750000000000	0.011694996617734432220458984375000
0.973906636238098144531250000000000	0.032558135688304901123046875000000
0.930157423019409179687500000000000	0.054755751043558120727539062500000
0.865063309669494628906250000000000	0.075039118528366088867187500000000
0.780818402767181396484375000000000	0.093125864863395690917968750000000
0.679409503936767578125000000000000	0.109387062489986419677734375000000
0.562757432460784912109375000000000	0.123492062091827392578125000000000
0.433395326137542724609375000000000	0.134709551930427551269531250000000
0.294393301010131835937500000000000	0.142775580286979675292968750000000
0.148874521255493164062500000000000	0.147738769650459289550781250000000
0.000000119209289550781250000000000	0.149445340037345886230468750000000

0.066671341657638549804687500000000
0.149451330304145812988281250000000
0.219086453318595886230468750000000
0.269266515970230102539062500000000
0.295524358749389648437500000000000

GaussKronrod31

0.998002648353576660156250000000000	0.005377381108701229095458984375000
0.987992465496063232421875000000000	0.015007851645350456237792968750000
0.967739284038543701171875000000000	0.025461109355092048645019531250000
0.937273442745208740234375000000000	0.035345610231161117553710937500000
0.897265017032623291015625000000000	0.044589839875698089599609375000000
0.848207235336303710937500000000000	0.053481493145227432250976562500000
0.790418505668640136718750000000000	0.062009491026401519775390625000000
0.724417567253112792968750000000000	0.069853179156780242919921875000000
0.650997042655944824218750000000000	0.076849646866321563720703125000000
0.570972084999084472656250000000000	0.083080731332302093505859375000000
0.485081970691680908203125000000000	0.088564589619636535644531250000000
0.394151926040649414062500000000000	0.093126781284809112548828125000000
0.299179971218109130859375000000000	0.096642315387725830078125000000000
0.201193690299987792968750000000000	0.099174082279205322265625000000000
0.101142048835754394531250000000000	0.100771278142929077148437500000000
0.000000178813934326171875000000000	0.101330198347568511962890625000000

0.030752852559089660644531250000000
0.070365943014621734619140625000000
0.107159115374088287353515625000000
0.139570459723472595214843750000000
0.166269466280937194824218750000000
0.186161175370216369628906250000000
0.198430925607681274414062500000000
0.202578231692314147949218750000000

GaussKronrod41

0.998859405517578125000000000000000	0.003072402207180857658386230468750
0.993128597736358642578125000000000	0.008600342087447643280029296875000
0.981508493423461914062500000000000	0.014627411961555480957031250000000
0.963972389698028564453125000000000	0.020387612283229827880859375000000
0.940822660923004150390625000000000	0.025882398709654808044433593750000
0.912233948707580566406250000000000	0.031287822872400283813476562500000
0.878276944160461425781250000000000	0.036599792540073394775390625000000
0.839116692543029785156250000000000	0.041668731719255447387695312500000
0.795042276382446289062500000000000	0.046435270458459854125976562500000
0.746331512928009033203125000000000	0.050944238901138305664062500000000
0.693238198757171630859375000000000	0.055195692926645278930664062500000
0.636053442955017089843750000000000	0.059111271053552627563476562500000
0.575140357017517089843750000000000	0.062653377652168273925781250000000
0.510866880416870117187500000000000	0.065834484994411468505859375000000
0.443593025207519531250000000000000	0.068648360669612884521484375000000
0.373705625534057617187500000000000	0.071055211126804351806640625000000
0.301627814769744873046875000000000	0.073030993342399597167968750000000
0.227785766124725341796875000000000	0.074582040309906005859375000000000
0.152605652809143066406250000000000	0.075705036520957946777343750000000
0.076526939868927001953125000000000	0.076376296579837799072265625000000
0.000001192092895507812500000000000	0.076600447297096252441406250000000

0.017614442855119705200195312500000
0.040600780397653579711914062500000
0.062672168016433715820312500000000
0.083277069032192230224609375000000
0.101929731667041778564453125000000
0.118194878101348876953125000000000
0.131688579916954040527343750000000
0.142095714807510375976562500000000
0.149172872304916381835937500000000
0.152752533555030822753906250000000

GaussKronrod51

0.999262511730194091796875000000000	0.001987360650673508644104003906250
0.995557487010955810546875000000000	0.005560853518545627593994140625000
0.988036155700683593750000000000000	0.009473822079598903656005859375000
0.976664364337921142578125000000000	0.013236711733043193817138671875000
0.961615920066833496093750000000000	0.016848159953951835632324218750000
0.942975223064422607421875000000000	0.020436270162463188171386718750000
0.920747339725494384765625000000000	0.024009771645069122314453125000000
0.894991278648376464843750000000000	0.027474932372570037841796875000000
0.865847289562225341796875000000000	0.030792528763413429260253906250000
0.833442926406860351562500000000000	0.034002508968114852905273437500000
0.797873497009277343750000000000000	0.037116669118404388427734375000000
0.759259581565856933593750000000000	0.040083929896354675292968750000000
0.717766642570495605468750000000000	0.042872920632362365722656250000000
0.673566222190856933593750000000000	0.045502614229917526245117187500000
0.626810789108276367187500000000000	0.047982893884181976318359375000000
0.577662706375122070312500000000000	0.050277873873710632324218750000000
0.526325285434722900390625000000000	0.052362818270921707153320312500000
0.473002791404724121093750000000000	0.054250709712505340576171875000000
0.417885243892669677734375000000000	0.055951431393623352050781250000000
0.361172378063201904296875000000000	0.057436987757682800292968750000000
0.303089797496795654296875000000000	0.058690123260021209716796875000000
0.243867099285125732421875000000000	0.059719312936067581176757812500000
0.183718502521514892578125000000000	0.060539271682500839233398437500000
0.122865140438079833984375000000000	0.061128508299589157104492187500000
0.061544358730316162109375000000000	0.061470024287700653076171875000000
0.000000357627868652343750000000000	0.061580903828144073486328125000000

0.011393100023269653320312500000000
0.026355773210525512695312500000000
0.040939815342426300048828125000000
0.054904647171497344970703125000000
0.068037725985050201416015625000000
0.080140352249145507812500000000000
0.091028980910778045654296875000000
0.100536115467548370361328125000000
0.108519427478313446044921875000000
0.114858254790306091308593750000000
0.119455680251121520996093750000000
0.122243337333202362060546875000000
0.123176477849483489990234375000000

GaussKronrod61

0.999484181404113769531250000000000	0.001388201606459915637969970703125
0.996893227100372314453125000000000	0.003890736261382699012756347656250
0.991630792617797851562500000000000	0.006630601827055215835571289062500
0.983667969703674316406250000000000	0.009273423813283443450927734375000
0.973116397857666015625000000000000	0.011823124252259731292724609375000
0.960021495819091796875000000000000	0.014370446093380451202392578125000
0.944374501705169677734375000000000	0.016920058056712150573730468750000
0.926200211048126220703125000000000	0.019415330141782760620117187500000
0.905572891235351562500000000000000	0.021827986463904380798339843750000
0.882560729980468750000000000000000	0.024190483614802360534667968750000
0.857204914093017578125000000000000	0.026509867981076240539550781250000
0.829566061496734619140625000000000	0.028755351901054382324218750000000
0.799727559089660644531250000000000	0.030906464904546737670898437500000
0.767777800559997558593750000000000	0.032982066273689270019531250000000
0.733788967132568359375000000000000	0.034978650510311126708984375000000
0.697850048542022705078125000000000	0.036882668733596801757812500000000
0.660060167312622070312500000000000	0.038678612560033798217773437500000
0.620526254177093505859375000000000	0.040374729782342910766601562500000
0.579345345497131347656250000000000	0.041969884186983108520507812500000
0.536624073982238769531250000000000	0.043452136218547821044921875000000
0.492481231689453125000000000000000	0.044814657419919967651367187500000
0.447033643722534179687500000000000	0.046060003340244293212890625000000
0.400401175022125244140625000000000	0.047185715287923812866210937500000
0.352704524993896484375000000000000	0.048185136169195175170898437500000
0.304072976112365722656250000000000	0.049056258052587509155273437500000
0.254636526107788085937500000000000	0.049794994294643402099609375000000
0.204524993896484375000000000000000	0.050406433641910552978515625000000
0.153869807720184326171875000000000	0.050882022827863693237304687500000
0.102807044982910156250000000000000	0.051221944391727447509765625000000
0.051471948623657226562500000000000	0.051426362246274948120117187500000
0.000000298023223876953125000000000	0.051494687795639038085937500000000

0.007968528196215629577636718750000
0.018466390669345855712890625000000
0.028783703222870826721191406250000
0.038799218833446502685546875000000
0.048402946442365646362304687500000
0.057493697851896286010742187500000
0.065973728895187377929687500000000
0.073756232857704162597656250000000
0.080755658447742462158203125000000
0.086900211870670318603515625000000
0.092121988534927368164062500000000
0.096368744969367980957031250000000
0.099593468010425567626953125000000
0.101763337850570678710937500000000
0.102852791547775268554687500000000

GaussKronrod15

0.991455733776092529296875000000000	0.022935276851058006286621093750000
0.949108362197875976562500000000000	0.063092090189456939697265625000000
0.864864826202392578125000000000000	0.104790106415748596191406250000000
0.741531610488891601562500000000000	0.140653684735298156738281250000000
0.586087644100189208984375000000000	0.169004783034324645996093750000000
0.405845284461975097656250000000000	0.190350964665412902832031250000000
0.207784950733184814453125000000000	0.204433023929595947265625000000000
0.000000178813934326171875000000000	0.209482327103614807128906250000000

0.129484981298446655273437500000000
0.279705733060836791992187500000000
0.381829917430877685546875000000000
0.417959183454513549804687500000000

GaussKronrod21

0.995656847953796386718750000000000	0.011694996617734432220458984375000
0.973906636238098144531250000000000	0.032558135688304901123046875000000
0.930157423019409179687500000000000	0.054755751043558120727539062500000
0.865063309669494628906250000000000	0.075039118528366088867187500000000
0.780818402767181396484375000000000	0.093125864863395690917968750000000
0.679409503936767578125000000000000	0.109387062489986419677734375000000
0.562757432460784912109375000000000	0.123492062091827392578125000000000
0.433395326137542724609375000000000	0.134709551930427551269531250000000
0.294393301010131835937500000000000	0.142775580286979675292968750000000
0.148874521255493164062500000000000	0.147738769650459289550781250000000
0.000000119209289550781250000000000	0.149445340037345886230468750000000

0.066671341657638549804687500000000
0.149451330304145812988281250000000
0.219086453318595886230468750000000
0.269266515970230102539062500000000
0.295524358749389648437500000000000

GaussKronrod31

0.998002648353576660156250000000000	0.005377381108701229095458984375000
0.987992465496063232421875000000000	0.015007851645350456237792968750000
0.967739284038543701171875000000000	0.025461109355092048645019531250000
0.937273442745208740234375000000000	0.035345610231161117553710937500000
0.897265017032623291015625000000000	0.044589839875698089599609375000000
0.848207235336303710937500000000000	0.053481493145227432250976562500000
0.790418505668640136718750000000000	0.062009491026401519775390625000000
0.724417567253112792968750000000000	0.069853179156780242919921875000000
0.650997042655944824218750000000000	0.076849646866321563720703125000000
0.570972084999084472656250000000000	0.083080731332302093505859375000000
0.485081970691680908203125000000000	0.088564589619636535644531250000000
0.394151926040649414062500000000000	0.093126781284809112548828125000000
0.299179971218109130859375000000000	0.096642315387725830078125000000000
0.201193690299987792968750000000000	0.099174082279205322265625000000000
0.101142048835754394531250000000000	0.100771278142929077148437500000000
0.000000178813934326171875000000000	0.101330198347568511962890625000000

0.030752852559089660644531250000000
0.070365943014621734619140625000000
0.107159115374088287353515625000000
0.139570459723472595214843750000000
0.166269466280937194824218750000000
0.186161175370216369628906250000000
0.198430925607681274414062500000000
0.202578231692314147949218750000000

GaussKronrod41

0.998859405517578125000000000000000	0.003072402207180857658386230468750
0.993128597736358642578125000000000	0.008600342087447643280029296875000
0.981508493423461914062500000000000	0.014627411961555480957031250000000
0.963972389698028564453125000000000	0.020387612283229827880859375000000
0.940822660923004150390625000000000	0.025882398709654808044433593750000
0.912233948707580566406250000000000	0.031287822872400283813476562500000
0.878276944160461425781250000000000	0.036599792540073394775390625000000
0.839116692543029785156250000000000	0.041668731719255447387695312500000
0.795042276382446289062500000000000	0.046435270458459854125976562500000
0.746331512928009033203125000000000	0.050944238901138305664062500000000
0.693238198757171630859375000000000	0.055195692926645278930664062500000
0.636053442955017089843750000000000	0.059111271053552627563476562500000
0.575140357017517089843750000000000	0.062653377652168273925781250000000
0.510866880416870117187500000000000	0.065834484994411468505859375000000
0.443593025207519531250000000000000	0.068648360669612884521484375000000
0.373705625534057617187500000000000	0.071055211126804351806640625000000
0.301627814769744873046875000000000	0.073030993342399597167968750000000
0.227785766124725341796875000000000	0.074582040309906005859375000000000
0.152605652809143066406250000000000	0.075705036520957946777343750000000
0.076526939868927001953125000000000	0.076376296579837799072265625000000
0.000001192092895507812500000000000	0.076600447297096252441406250000000

0.017614442855119705200195312500000
0.040600780397653579711914062500000
0.062672168016433715820312500000000
0.083277069032192230224609375000000
0.101929731667041778564453125000000
0.118194878101348876953125000000000
0.131688579916954040527343750000000
0.142095714807510375976562500000000
0.149172872304916381835937500000000
0.152752533555030822753906250000000

GaussKronrod51

0.999262511730194091796875000000000	0.001987360650673508644104003906250
0.995557487010955810546875000000000	0.005560853518545627593994140625000
0.988036155700683593750000000000000	0.009473822079598903656005859375000
0.976664364337921142578125000000000	0.013236711733043193817138671875000
0.961615920066833496093750000000000	0.016848159953951835632324218750000
0.942975223064422607421875000000000	0.020436270162463188171386718750000
0.920747339725494384765625000000000	0.024009771645069122314453125000000
0.894991278648376464843750000000000	0.027474932372570037841796875000000
0.865847289562225341796875000000000	0.030792528763413429260253906250000
0.833442926406860351562500000000000	0.034002508968114852905273437500000
0.797873497009277343750000000000000	0.037116669118404388427734375000000
0.759259581565856933593750000000000	0.040083929896354675292968750000000
0.717766642570495605468750000000000	0.042872920632362365722656250000000
0.673566222190856933593750000000000	0.045502614229917526245117187500000
0.626810789108276367187500000000000	0.047982893884181976318359375000000
0.577662706375122070312500000000000	0.050277873873710632324218750000000
0.526325285434722900390625000000000	0.052362818270921707153320312500000
0.473002791404724121093750000000000	0.054250709712505340576171875000000
0.417885243892669677734375000000000	0.055951431393623352050781250000000
0.361172378063201904296875000000000	0.057436987757682800292968750000000
0.303089797496795654296875000000000	0.058690123260021209716796875000000
0.243867099285125732421875000000000	0.059719312936067581176757812500000
0.183718502521514892578125000000000	0.060539271682500839233398437500000
0.122865140438079833984375000000000	0.061128508299589157104492187500000
0.061544358730316162109375000000000	0.061470024287700653076171875000000
0.000000357627868652343750000000000	0.061580903828144073486328125000000

0.011393100023269653320312500000000
0.026355773210525512695312500000000
0.040939815342426300048828125000000
0.054904647171497344970703125000000
0.068037725985050201416015625000000
0.080140352249145507812500000000000
0.091028980910778045654296875000000
0.100536115467548370361328125000000
0.108519427478313446044921875000000
0.114858254790306091308593750000000
0.119455680251121520996093750000000
0.122243337333202362060546875000000
0.123176477849483489990234375000000

GaussKronrod61

0.999484181404113769531250000000000	0.001388201606459915637969970703125
0.996893227100372314453125000000000	0.003890736261382699012756347656250
0.991630792617797851562500000000000	0.006630601827055215835571289062500
0.983667969703674316406250000000000	0.009273423813283443450927734375000
0.973116397857666015625000000000000	0.011823124252259731292724609375000
0.960021495819091796875000000000000	0.014370446093380451202392578125000
0.944374501705169677734375000000000	0.016920058056712150573730468750000
0.926200211048126220703125000000000	0.019415330141782760620117187500000
0.905572891235351562500000000000000	0.021827986463904380798339843750000
0.882560729980468750000000000000000	0.024190483614802360534667968750000
0.857204914093017578125000000000000	0.026509867981076240539550781250000
0.829566061496734619140625000000000	0.028755351901054382324218750000000
0.799727559089660644531250000000000	0.030906464904546737670898437500000
0.767777800559997558593750000000000	0.032982066273689270019531250000000
0.733788967132568359375000000000000	0.034978650510311126708984375000000
0.697850048542022705078125000000000	0.036882668733596801757812500000000
0.660060167312622070312500000000000	0.038678612560033798217773437500000
0.620526254177093505859375000000000	0.040374729782342910766601562500000
0.579345345497131347656250000000000	0.041969884186983108520507812500000
0.536624073982238769531250000000000	0.043452136218547821044921875000000
0.492481231689453125000000000000000	0.044814657419919967651367187500000
0.447033643722534179687500000000000	0.046060003340244293212890625000000
0.400401175022125244140625000000000	0.047185715287923812866210937500000
0.352704524993896484375000000000000	0.048185136169195175170898437500000
0.304072976112365722656250000000000	0.049056258052587509155273437500000
0.254636526107788085937500000000000	0.049794994294643402099609375000000
0.204524993896484375000000000000000	0.050406433641910552978515625000000
0.153869807720184326171875000000000	0.050882022827863693237304687500000
0.102807044982910156250000000000000	0.051221944391727447509765625000000
0.051471948623657226562500000000000	0.051426362246274948120117187500000
0.000000298023223876953125000000000	0.051494687795639038085937500000000

0.007968528196215629577636718750000
0.018466390669345855712890625000000
0.028783703222870826721191406250000
0.038799218833446502685546875000000
0.048402946442365646362304687500000
0.057493697851896286010742187500000
0.065973728895187377929687500000000
0.073756232857704162597656250000000
0.080755658447742462158203125000000
0.086900211870670318603515625000000
0.092121988534927368164062500000000
0.096368744969367980957031250000000
0.099593468010425567626953125000000
0.101763337850570678710937500000000
0.102852791547775268554687500000000
